Molden's file is valid.
*** Warning VER ESTO MEJORAR
                    Each atom is a molecule. You can group atoms put on the same index
                    into molden file in section [Atoms], second column. Example: 

                    O 1 8 0.0 0.0 0.0
                    H 1 1 0.0 0.0 0.0
                    H 1 1 0.0 0.0 0.0

********************************************************************************
***                           REPONSE CALCULATION                            ***
********************************************************************************

                         Principal Propagator                         
               ----------------------------------------               
          1              2              3              4              5       
 1    -0.477928       0.000000      -0.098501       0.000000      -0.045195   
 2     0.000000      -0.468248      -0.000000       0.096724       0.000000   
 3    -0.098501      -0.000000      -0.465589      -0.000000       0.204043   
 4     0.000000       0.096724      -0.000000      -0.639071       0.000000   
 5    -0.045195       0.000000       0.204043       0.000000      -0.777979   
 8     0.000000       0.044770       0.000000       0.175837      -0.000000   
 11    0.022661       0.000000      -0.062650       0.000000      -0.202788   
 12    0.000000       0.012720       0.000000       0.073243      -0.000000   
 13   -0.009310       0.000000       0.027036       0.000000       0.096704   
 14    0.000432      -0.000000      -0.014230       0.000000      -0.003703   
 15    0.000000      -0.008584       0.000000      -0.001598      -0.000000   
 16   -0.000923      -0.000000      -0.001759      -0.000000       0.007643   
 17    0.000000      -0.001352       0.000000       0.006880      -0.000000   
          6              7              8              9              10      
 2     0.000000       0.000000       0.044770       0.000000       0.000000   
 4     0.000000       0.000000       0.175837       0.000000       0.000000   
 6    -1.157107       0.000000       0.000000       0.000000       0.000000   
 7     0.000000      -1.157107       0.000000       0.000000       0.000000   
 8     0.000000       0.000000      -1.740578       0.000000       0.000000   
 9     0.000000       0.000000       0.000000      -2.059980       0.000000   
 10    0.000000       0.000000       0.000000       0.000000      -2.059980   
 12    0.000000       0.000000      -0.015754       0.000000       0.000000   
 15    0.000000       0.000000      -0.050454       0.000000       0.000000   
 17    0.000000       0.000000      -0.011224       0.000000       0.000000   
          11             12             13             14             15      
 1     0.022661       0.000000      -0.009310       0.000432       0.000000   
 2     0.000000       0.012720       0.000000      -0.000000      -0.008584   
 3    -0.062650       0.000000       0.027036      -0.014230       0.000000   
 4     0.000000       0.073243       0.000000       0.000000      -0.001598   
 5    -0.202788      -0.000000       0.096704      -0.003703      -0.000000   
 8    -0.000000      -0.015754      -0.000000      -0.000000      -0.050454   
 11   -2.150455      -0.000000      -0.121439       0.113915      -0.000000   
 12   -0.000000      -2.218695      -0.000000      -0.000000      -0.113081   
 13   -0.121439      -0.000000      -3.287462      -0.070260      -0.000000   
 14    0.113915      -0.000000      -0.070260      -9.888677      -0.000000   
 15   -0.000000      -0.113081      -0.000000      -0.000000      -9.973749   
 16    0.017479      -0.000000      -0.008842      -0.043749       0.000000   
 17   -0.000000      -0.021368      -0.000000      -0.000000      -0.045521   
          16             17      
 1    -0.000923       0.000000   
 2    -0.000000      -0.001352   
 3    -0.001759       0.000000   
 4    -0.000000       0.006880   
 5     0.007643      -0.000000   
 8    -0.000000      -0.011224   
 11    0.017479      -0.000000   
 12   -0.000000      -0.021368   
 13   -0.008842      -0.000000   
 14   -0.043749      -0.000000   
 15    0.000000      -0.045521   
 16   -61.516351     -0.000000   
 17   -0.000000      -61.775671  

                Principal Propagator Inverse (Numpy).                 
               ----------------------------------------               
          1              2              3              4              5       
 1    -2.255766      -0.000000       0.627843      -0.000000       0.317816   
 2    -0.000000      -2.220630       0.000000      -0.364693      -0.000000   
 3     0.627843       0.000000      -2.646916       0.000000      -0.779083   
 4    -0.000000      -0.364693       0.000000      -1.675447      -0.000000   
 5     0.317816      -0.000000      -0.779083      -0.000000      -1.561757   
 8    -0.000000      -0.093819      -0.000000      -0.178189       0.000000   
 11   -0.073481      -0.000000       0.160500      -0.000000       0.176922   
 12   -0.000000      -0.024243      -0.000000      -0.056242       0.000000   
 13    0.023660      -0.000000      -0.052528      -0.000000      -0.059872   
 14   -0.002136       0.000000       0.006350       0.000000       0.004184   
 15   -0.000000       0.002719      -0.000000       0.002122       0.000000   
 16    0.000033       0.000000       0.000018       0.000000      -0.000121   
 17   -0.000000       0.000031      -0.000000      -0.000128       0.000000   
          6              7              8              9              10      
 2    -0.000000      -0.000000      -0.093819      -0.000000      -0.000000   
 4    -0.000000      -0.000000      -0.178189      -0.000000      -0.000000   
 6    -0.864224      -0.000000      -0.000000      -0.000000      -0.000000   
 7    -0.000000      -0.864224      -0.000000      -0.000000      -0.000000   
 8    -0.000000      -0.000000      -0.595006      -0.000000      -0.000000   
 9    -0.000000      -0.000000      -0.000000      -0.485442      -0.000000   
 10   -0.000000      -0.000000      -0.000000      -0.000000      -0.485442   
 12   -0.000000      -0.000000      -0.002356      -0.000000      -0.000000   
 15   -0.000000      -0.000000       0.003146      -0.000000      -0.000000   
 17   -0.000000      -0.000000       0.000089      -0.000000      -0.000000   
          11             12             13             14             15      
 1    -0.073481      -0.000000       0.023660      -0.002136      -0.000000   
 2    -0.000000      -0.024243      -0.000000       0.000000       0.002719   
 3     0.160500      -0.000000      -0.052528       0.006350      -0.000000   
 4    -0.000000      -0.056242      -0.000000       0.000000       0.002122   
 5     0.176922       0.000000      -0.059872       0.004184       0.000000   
 8     0.000000      -0.002356       0.000000       0.000000       0.003146   
 11   -0.488884       0.000000       0.024923      -0.006109       0.000000   
 12    0.000000      -0.452960      -0.000000       0.000000       0.005177   
 13    0.024923      -0.000000      -0.307422       0.002570       0.000000   
 14   -0.006109       0.000000       0.002570      -0.101226       0.000000   
 15    0.000000       0.005177       0.000000       0.000000      -0.100341   
 16   -0.000120       0.000000       0.000043       0.000070      -0.000000   
 17    0.000000       0.000148       0.000000       0.000000       0.000072   
          16             17      
 1     0.000033      -0.000000   
 2     0.000000       0.000031   
 3     0.000018      -0.000000   
 4     0.000000      -0.000128   
 5    -0.000121       0.000000   
 8     0.000000       0.000089   
 11   -0.000120       0.000000   
 12    0.000000       0.000148   
 13    0.000043       0.000000   
 14    0.000070       0.000000   
 15   -0.000000       0.000072   
 16   -0.016256       0.000000   
 17    0.000000      -0.016188   

                               GPV  fc 1                              
                         --------------------                         
    1                  0.352417            -0.352417
    2                  0.717692            -0.717692
    3                 -1.230544             1.230544
    4                  1.933701            -1.933701
    5                 -2.647912             2.647912
    6                  0.000000            -0.000000
    7                  0.000000            -0.000000
    8                  2.932903            -2.932903
    9                  0.000000            -0.000000
    10                 0.000000            -0.000000
    11                 4.714292            -4.714292
    12                 3.489078            -3.489078
    13                -4.051705             4.051705
    14                12.310747           -12.310747
    15               -12.901138            12.901138
    16               -57.642121            57.642121
    17                57.644384           -57.644384

                                 RPA                                  
               ----------------------------------------               

Response Calculation Specification                                    
----------------------------------------                              
     Response Type: Lineal
     Properties: fc 1, fc 1
     Property Multiplicity:  Triplet ,  Triplet
     Principal Propagator Multiplicity: Triplet
     Lineal Response: <<FC 1;FC 1>>

                         PATHS: <<fc 1;fc 1>>                         
               ----------------------------------------               
   #        i        s        t        j    
   1        1        2        2        1        -0.280161    
   3        1        2        4        1        -0.272273    
   5        1        2        6        1        -0.296576    
   11       1        2        12       1        -0.122082    
------------------------------------------------------------
Total -1.014804

   #        i        s        t        j    
   2        1        3        3        1        -1.143805    
   4        1        3        5        1        -0.506121    
   8        1        3        9        1        -0.197481    
------------------------------------------------------------
Total -1.931989

   #        i        s        t        j    
   1        1        4        2        1        -0.272273    
   3        1        4        4        1        -4.008060    
   5        1        4        6        1        -2.538542    
   11       1        4        12       1        -0.931084    
   13       1        4        14       1        -0.261894    
------------------------------------------------------------
Total -8.106769

   #        i        s        t        j    
   2        1        5        3        1        -0.506121    
   4        1        5        5        1        -6.264831    
   8        1        5        9        1        -1.010576    
   12       1        5        13       1        -0.379453    
------------------------------------------------------------
Total -8.228225

   #        i        s        t        j    
   1        1        6        2        1        -0.296576    
   3        1        6        4        1        -2.538542    
   5        1        6        6        1        -10.950167   
   11       1        6        12       1        -2.208523    
   13       1        6        14       1        -0.642344    
   14       1        6        15       1        -0.136388    
------------------------------------------------------------
Total -16.790952

   #        i        s        t        j    
------------------------------------------------------------
Total 0.000000

   #        i        s        t        j    
------------------------------------------------------------
Total 0.000000

   #        i        s        t        j    
   2        1        9        3        1        -0.197481    
   4        1        9        5        1        -1.010576    
   8        1        9        9        1        -5.118197    
   15       1        9        16       1        -0.119021    
------------------------------------------------------------
Total -6.454373

   #        i        s        t        j    
------------------------------------------------------------
Total 0.000000

   #        i        s        t        j    
------------------------------------------------------------
Total 0.000000

   #        i        s        t        j    
   1        1        12       2        1        -0.122082    
   3        1        12       4        1        -0.931084    
   5        1        12       6        1        -2.208523    
   11       1        12       12       1        -10.865220   
   13       1        12       14       1        -0.476044    
   14       1        12       15       1        -0.354532    
------------------------------------------------------------
Total -14.924970

   #        i        s        t        j    
   4        1        13       5        1        -0.379453    
   12       1        13       13       1        -5.514179    
   15       1        13       16       1        -0.233020    
------------------------------------------------------------
Total -6.181794

   #        i        s        t        j    
   3        1        14       4        1        -0.261894    
   5        1        14       6        1        -0.642344    
   11       1        14       12       1        -0.476044    
   13       1        14       14       1        -5.046734    
   14       1        14       15       1        -0.128201    
------------------------------------------------------------
Total -6.578925

   #        i        s        t        j    
   5        1        15       6        1        -0.136388    
   11       1        15       12       1        -0.354532    
   13       1        15       14       1        -0.128201    
   14       1        15       15       1        -15.341180   
------------------------------------------------------------
Total -16.115622

   #        i        s        t        j    
   8        1        16       9        1        -0.119021    
   12       1        16       13       1        -0.233020    
   15       1        16       16       1        -16.700660   
------------------------------------------------------------
Total -17.184176

   #        i        s        t        j    
   16       1        17       17       1        -54.012238   
------------------------------------------------------------
Total -54.037291

   #        i        s        t        j    
   17       1        18       18       1        -53.789828   
------------------------------------------------------------
Total -53.811502

========================================                              
-<<fc 1;fc 1>>: 211.361393                                            
========================================                              

tttttttttttttttttttt hours:minutes:seconds tttttttttttttttttttt
Coulomb and Exchange Time: 0:0:2.666                          
Build Principal Propagator Time: 0:0:0.000                    
Inverse Time: 0:0:0.000                                       
Build GPV fc 1 Time: 0:0:0.009                                
Lineal Response Time: 0:0:0.002                               
RPA Time: 0:0:0.002                                           
Response Calculation Time: 0:0:2.683                          
ttttttttttttttttttttttttttttttttttttttttttttttttttttttttttttttt 

********************************************************************************
***                         END REPONSE CALCULATION                          ***
********************************************************************************
